$ 1 0.000005 12.050203812241895 43 10 42
w 544 208 544 240 0
w 544 240 544 272 0
R 480 240 416 240 0 2 40 1.65 1.65 0 0.75
w 544 128 544 176 0
R 544 128 544 80 0 0 40 3.3 0 0 0.5
w 544 240 624 240 0
r 624 240 624 352 0 8
g 544 592 544 624 0
O 624 240 672 240 0
w 480 240 480 288 0
w 480 192 480 240 0
f 480 544 544 544 0 1.3 0.06
f 480 192 544 192 1 0.8 0.06
w 624 496 544 496 0
w 544 496 544 528 0
w 544 560 544 592 0
R 480 544 416 544 0 2 40 1.65 1.65 0 0.25
f 480 448 544 448 1 0.8 0.06
f 480 288 544 288 0 1.3 0.06
g 544 304 544 336 0
w 624 352 624 384 0
w 544 464 544 496 0
R 544 432 544 384 0 0 40 3.3 0 0 0.5
w 480 448 480 544 0
w 624 496 624 384 0
o 2 64 0 2082 6 0.00009765625 0 -1 0
o 16 64 0 2083 5 0.00009765625 0 -1 0
o 8 64 0 2082 5 0.00009765625 1 -1 0
o 6 64 0 2337 0.625 0.2 2 -1 0
